QPDBs # [R] Quasi-particle databases
QPDB_edit # [R] Generation/editing
%QPkrange # [QPDB] QP correctionQPDB energy correction( kp1| kp2| bnd1| bnd2| E-Eo[eV]| Img(E)[eV]| Re[Z] |)
 1| 1| 135| 135| -2.228532| 0.0| 0.0|
 1| 1| 135| 135| -2.235191| 0.0| 0.0|
 1| 1| 136| 136| -2.127585| 0.0| 0.0|
 1| 1| 136| 136| -2.141746| 0.0| 0.0|
 1| 1| 137| 137| -2.145275| 0.0| 0.0|
 1| 1| 137| 137| -2.133932| 0.0| 0.0|
 1| 1| 138| 138| -2.123995| 0.0| 0.0|
 1| 1| 138| 138| -2.077093| 0.0| 0.0|
 1| 1| 139| 139| -2.124009| 0.0| 0.0|
 1| 1| 139| 139| -2.076735| 0.0| 0.0|
 1| 1| 140| 140| -2.106362| 0.0| 0.0|
 1| 1| 140| 140| -2.110548| 0.0| 0.0|
 1| 1| 141| 141| -2.075184| 0.0| 0.0|
 1| 1| 141| 141| -2.079979| 0.0| 0.0|
 1| 1| 142| 142| -1.582635| 0.0| 0.0|
 1| 1| 142| 142|  1.446429| 0.0| 0.0|
 1| 1| 143| 143|  1.674513| 0.0| 0.0|
 1| 1| 143| 143|  1.820974| 0.0| 0.0|
 1| 1| 144| 144|  1.674224| 0.0| 0.0|
 1| 1| 144| 144|  1.820884| 0.0| 0.0|
 1| 1| 145| 145|  1.740371| 0.0| 0.0|
 1| 1| 145| 145|  1.012738| 0.0| 0.0|
 1| 1| 146| 146|  1.740584| 0.0| 0.0|
 1| 1| 146| 146|  1.669658| 0.0| 0.0|
 1| 1| 147| 147|   1.01912| 0.0| 0.0|
 1| 1| 147| 147|   1.66939| 0.0| 0.0|
 1| 1| 148| 148|   1.75731| 0.0| 0.0|
 1| 1| 148| 148|  1.814195| 0.0| 0.0|
 1| 1| 149| 149|  1.757193| 0.0| 0.0|
 1| 1| 149| 149|  1.814013| 0.0| 0.0|
 1| 1| 150| 150|  1.793792| 0.0| 0.0|
 1| 1| 150| 150|   1.78377| 0.0| 0.0|
 1| 1| 151| 151|  1.759537| 0.0| 0.0|
 1| 1| 151| 151|  1.820033| 0.0| 0.0|
 1| 1| 152| 152|  1.759954| 0.0| 0.0|
 1| 1| 152| 152|  1.838639| 0.0| 0.0|
 1| 1| 153| 153|   1.82174| 0.0| 0.0|
 1| 1| 153| 153|  1.838481| 0.0| 0.0|
%
