#                                                                     
#  __  __   ________   ___ __ __    _______   ______                  
# /_/\/_/\ /_______/\ /__//_//_/\ /_______/\ /_____/\                 
# \ \ \ \ \\::: _  \ \\::\| \| \ \\::: _  \ \\:::_ \ \                
#  \:\_\ \ \\::(_)  \ \\:.      \ \\::(_)  \/_\:\ \ \ \               
#   \::::_\/ \:: __  \ \\:.\-/\  \ \\::  _  \ \\:\ \ \ \              
#     \::\ \  \:.\ \  \ \\. \  \  \ \\::(_)  \ \\:\_\ \ \             
#      \__\/   \__\/\__\/ \__\/ \__\/ \_______\/ \_____\/             
#                                                                     
#                                                                     
# Version 5.1.0 Revision 22561 Hash (prev commit) 785b4fd6f           
#                      Branch is 5.2                                  
#                  MPI+HDF5_MPI_IO Build                              
#                http://www.yambo-code.org                            
#
QPDBs                            # [R] Quasiparticle Databases
QPDB_edit                        # [R] Generation/editing
%QP_user_corrections             # [QPDB] Correction( spin | kp1| kp2| bnd1| bnd2| E-Eo[eV]| Img(E)[eV]| Re[Z] |)
1|1|1|396|396|-1.074281| 0.000000| 1.000000|
2|1|1|396|396|-1.073524| 0.000000| 1.000000|
1|1|1|397|397|-1.074280| 0.000000| 1.000000|
2|1|1|397|397|-1.073523| 0.000000| 1.000000|
1|1|1|398|398|-1.086038| 0.000000| 1.000000|
2|1|1|398|398|-1.090222| 0.000000| 1.000000|
1|1|1|399|399|-1.082701| 0.000000| 1.000000|
2|1|1|399|399|-1.082670| 0.000000| 1.000000|
1|1|1|400|400|-1.082700| 0.000000| 1.000000|
2|1|1|400|400|-1.082669| 0.000000| 1.000000|
1|1|1|401|401|-1.085549| 0.000000| 1.000000|
2|1|1|401|401|-1.087526| 0.000000| 1.000000|
1|1|1|402|402|-1.085549| 0.000000| 1.000000|
2|1|1|402|402|-1.087525| 0.000000| 1.000000|
1|1|1|403|403|-1.065091| 0.000000| 1.000000|
2|1|1|403|403|-1.060099| 0.000000| 1.000000|
1|1|1|404|404|-1.065091| 0.000000| 1.000000|
2|1|1|404|404|-1.060098| 0.000000| 1.000000|
1|1|1|405|405|-1.070281| 0.000000| 1.000000|
2|1|1|405|405|-1.067964| 0.000000| 1.000000|
1|1|1|406|406|-1.082934| 0.000000| 1.000000|
2|1|1|406|406|-1.100629| 0.000000| 1.000000|
1|1|1|407|407|-1.082933| 0.000000| 1.000000|
2|1|1|407|407|-1.100628| 0.000000| 1.000000|
1|1|1|408|408|-1.057077| 0.000000| 1.000000|
2|1|1|408|408|-1.171874| 0.000000| 1.000000|
1|1|1|409|409|-1.182557| 0.000000| 1.000000|
2|1|1|409|409|-1.139835| 0.000000| 1.000000|
1|1|1|410|410|-1.165145| 0.000000| 1.000000|
2|1|1|410|410|-1.139834| 0.000000| 1.000000|
1|1|1|411|411|-1.165145| 0.000000| 1.000000|
2|1|1|411|411|-1.049692| 0.000000| 1.000000|
1|1|1|412|412|-1.202598| 0.000000| 1.000000|
2|1|1|412|412|-1.193700| 0.000000| 1.000000|
1|1|1|413|413|-1.202598| 0.000000| 1.000000|
2|1|1|413|413|-1.193700| 0.000000| 1.000000|
1|1|1|414|414|-1.061088| 0.000000| 1.000000|
2|1|1|414|414|-1.059548| 0.000000| 1.000000|
1|1|1|415|415|-1.060258| 0.000000| 1.000000|
2|1|1|415|415|-1.039647| 0.000000| 1.000000|
1|1|1|416|416|-1.060260| 0.000000| 1.000000|
2|1|1|416|416|-1.039647| 0.000000| 1.000000|
1|1|1|417|417|-1.035916| 0.000000| 1.000000|
2|1|1|417|417|-1.034326| 0.000000| 1.000000|
1|1|1|418|418|-1.035916| 0.000000| 1.000000|
2|1|1|418|418|-1.034326| 0.000000| 1.000000|
1|1|1|419|419|-1.035924| 0.000000| 1.000000|
2|1|1|419|419|-1.035084| 0.000000| 1.000000|
1|1|1|420|420|-1.035559| 0.000000| 1.000000|
2|1|1|420|420|-1.032965| 0.000000| 1.000000|
1|1|1|421|421|-1.035354| 0.000000| 1.000000|
2|1|1|421|421|-1.033080| 0.000000| 1.000000|
1|1|1|422|422|-1.035354| 0.000000| 1.000000|
2|1|1|422|422|-1.033080| 0.000000| 1.000000|
1|1|1|423|423|-1.032765| 0.000000| 1.000000|
2|1|1|423|423|-1.028638| 0.000000| 1.000000|
1|1|1|424|424|-0.896705| 0.000000| 1.000000|
2|1|1|424|424|-1.016554| 0.000000| 1.000000|
1|1|1|425|425|-1.028626| 0.000000| 1.000000|
2|1|1|425|425|-1.016556| 0.000000| 1.000000|
1|1|1|426|426|-1.028627| 0.000000| 1.000000|
2|1|1|426|426|-1.020916| 0.000000| 1.000000|
%
