#                                                                     
# :   :::   :::     ::::    ::::  :::::::::   ::::::::                
# :+:   :+: :+: :+:   +:+:+: :+:+:+ :+:    :+: :+:    :+              
#  +:+ +:+ +:+   +:+  +:+ +:+:+ +:+ +:+    +:+ +:+    +:+             
#   +#++: +#++:++#++: +#+  +:+  +#+ +#++:++#+  +#+    +:+             
#    +#+  +#+     +#+ +#+       +#+ +#+    +#+ +#+    +#+             
#    #+#  #+#     #+# #+#       #+# #+#    #+# #+#    #+#             
#    ###  ###     ### ###       ### #########   ########              
#                                                                     
#                                                                     
# Version 5.1.0 Revision 22561 Hash (prev commit) 785b4fd6f           
#                      Branch is 5.2                                  
#                  MPI+HDF5_MPI_IO Build                              
#                http://www.yambo-code.org                            
#
QPDBs                            # [R] Quasiparticle Databases
QPDB_edit                        # [R] Generation/editing
%QP_user_corrections             # [QPDB] Correction( spin | kp1| kp2| bnd1| bnd2| E-Eo[eV]| Img(E)[eV]| Re[Z] |)
1|1|1|427|427|-0.965731| 0.000000| 1.000000|
2|1|1|427|427|-0.916286| 0.000000| 1.000000|
1|1|1|428|428|-0.932201| 0.000000| 1.000000|
2|1|1|428|428|-0.935699| 0.000000| 1.000000|
1|1|1|429|429|-0.932201| 0.000000| 1.000000|
2|1|1|429|429|-0.935699| 0.000000| 1.000000|
1|1|1|430|430|-0.706931| 0.000000| 1.000000|
2|1|1|430|430|-0.755843| 0.000000| 1.000000|
1|1|1|431|431|-0.633839| 0.000000| 1.000000|
2|1|1|431|431| 0.309897| 0.000000| 1.000000|
1|1|1|432|432|-0.633839| 0.000000| 1.000000|
2|1|1|432|432| 0.309895| 0.000000| 1.000000|
1|1|1|433|433| 0.666321| 0.000000| 1.000000|
2|1|1|433|433| 0.666972| 0.000000| 1.000000|
1|1|1|434|434| 0.666320| 0.000000| 1.000000|
2|1|1|434|434| 0.666971| 0.000000| 1.000000|
1|1|1|435|435| 0.669465| 0.000000| 1.000000|
2|1|1|435|435| 0.667536| 0.000000| 1.000000|
1|1|1|436|436| 0.668873| 0.000000| 1.000000|
2|1|1|436|436| 0.666923| 0.000000| 1.000000|
1|1|1|437|437| 0.668873| 0.000000| 1.000000|
2|1|1|437|437| 0.666923| 0.000000| 1.000000|
1|1|1|438|438| 0.666703| 0.000000| 1.000000|
2|1|1|438|438| 0.665053| 0.000000| 1.000000|
1|1|1|439|439| 0.633403| 0.000000| 1.000000|
2|1|1|439|439| 0.633307| 0.000000| 1.000000|
1|1|1|440|440| 0.632155| 0.000000| 1.000000|
2|1|1|440|440| 0.630118| 0.000000| 1.000000|
1|1|1|441|441| 0.632155| 0.000000| 1.000000|
2|1|1|441|441| 0.630118| 0.000000| 1.000000|
1|1|1|442|442| 0.622265| 0.000000| 1.000000|
2|1|1|442|442| 0.625946| 0.000000| 1.000000|
1|1|1|443|443| 0.622266| 0.000000| 1.000000|
2|1|1|443|443| 0.625947| 0.000000| 1.000000|
1|1|1|444|444| 0.689167| 0.000000| 1.000000|
2|1|1|444|444| 0.700107| 0.000000| 1.000000|
1|1|1|445|445| 0.856278| 0.000000| 1.000000|
2|1|1|445|445| 0.856882| 0.000000| 1.000000|
1|1|1|446|446| 0.856279| 0.000000| 1.000000|
2|1|1|446|446| 0.856883| 0.000000| 1.000000|
1|1|1|447|447| 0.798703| 0.000000| 1.000000|
2|1|1|447|447| 0.808342| 0.000000| 1.000000|
1|1|1|448|448| 0.857641| 0.000000| 1.000000|
2|1|1|448|448| 0.860949| 0.000000| 1.000000|
1|1|1|449|449| 0.857642| 0.000000| 1.000000|
2|1|1|449|449| 0.860949| 0.000000| 1.000000|
1|1|1|450|450| 0.846048| 0.000000| 1.000000|
2|1|1|450|450| 0.832447| 0.000000| 1.000000|
1|1|1|451|451| 1.034859| 0.000000| 1.000000|
2|1|1|451|451| 1.036273| 0.000000| 1.000000|
1|1|1|452|452| 1.034859| 0.000000| 1.000000|
2|1|1|452|452| 1.036273| 0.000000| 1.000000|
1|1|1|453|453| 1.034100| 0.000000| 1.000000|
2|1|1|453|453| 1.034975| 0.000000| 1.000000|
1|1|1|454|454| 0.756608| 0.000000| 1.000000|
2|1|1|454|454| 0.757217| 0.000000| 1.000000|
1|1|1|455|455| 0.753543| 0.000000| 1.000000|
2|1|1|455|455| 0.754127| 0.000000| 1.000000|
1|1|1|456|456| 0.753543| 0.000000| 1.000000|
2|1|1|456|456| 0.754128| 0.000000| 1.000000|
1|1|1|457|457| 0.751762| 0.000000| 1.000000|
2|1|1|457|457| 0.752387| 0.000000| 1.000000|
1|1|1|458|458| 0.754957| 0.000000| 1.000000|
2|1|1|458|458| 0.757078| 0.000000| 1.000000|
1|1|1|459|459| 0.754957| 0.000000| 1.000000|
2|1|1|459|459| 0.757078| 0.000000| 1.000000|
1|1|1|460|460| 0.757818| 0.000000| 1.000000|
2|1|1|460|460| 0.758078| 0.000000| 1.000000|
1|1|1|461|461| 0.757817| 0.000000| 1.000000|
2|1|1|461|461| 0.758078| 0.000000| 1.000000|
1|1|1|462|462| 0.757441| 0.000000| 1.000000|
2|1|1|462|462| 0.758551| 0.000000| 1.000000|
1|1|1|463|463| 0.760253| 0.000000| 1.000000|
2|1|1|463|463| 0.760530| 0.000000| 1.000000|
1|1|1|464|464| 0.760252| 0.000000| 1.000000|
2|1|1|464|464| 0.760530| 0.000000| 1.000000|
%
