#                                                                     
#                                                                     
# Y88b    /   e           e    e      888~~\    ,88~-_                
#  Y88b  /   d8b         d8b  d8b     888   |  d888   \               
#   Y88b/   /Y88b       d888bdY88b    888 _/  88888    |              
#    Y8Y   /  Y88b     / Y88Y Y888b   888  \  88888    |              
#     Y   /____Y88b   /   YY   Y888b  888   |  Y888   /               
#    /   /      Y88b /          Y888b 888__/    `88_-~                
#                                                                     
#                                                                     
# Version 5.1.0 Revision 22561 Hash (prev commit) 785b4fd6f           
#                     Branch is 5.2                                   
#                 MPI+HDF5_MPI_IO Build                               
#               http://www.yambo-code.org                             
#

PDBs                            # [R] Quasiparticle Databases 
QPDB_edit                        # [R] Generation/editing 
%QP_user_corrections             # [QPDB] Correction( spin | kp1| kp2| bnd1| bnd2| #E-Eo[eV]| Img(E)[eV]| Re[Z] |)
1|1|1|396|396| -1.0742809873755714| 0.000000| 0.000000|
2|1|1|396|396| -1.0735236266149286| 0.000000| 0.000000|
1|1|1|397|397| -1.0742802531215752| 0.000000| 0.000000|
2|1|1|397|397| -1.0735229048870654| 0.000000| 0.000000|
1|1|1|398|398| -1.086038229476225| 0.000000| 0.000000|
2|1|1|398|398| -1.0902218152872347| 0.000000| 0.000000|
1|1|1|399|399| -1.0827008882458227| 0.000000| 0.000000|
2|1|1|399|399| -1.0826700074424451| 0.000000| 0.000000|
1|1|1|400|400| -1.0827000524045403| 0.000000| 0.000000|
2|1|1|400|400| -1.0826690208103358| 0.000000| 0.000000|
1|1|1|401|401| -1.0855496385496757| 0.000000| 0.000000|
2|1|1|401|401| -1.0875256542240148| 0.000000| 0.000000|
1|1|1|402|402| -1.0855496147460073| 0.000000| 0.000000|
2|1|1|402|402| -1.0875251471344978| 0.000000| 0.000000|
1|1|1|403|403| -1.0650913963052488| 0.000000| 0.000000|
2|1|1|403|403| -1.060099352398737| 0.000000| 0.000000|
1|1|1|404|404| -1.0650905305191927| 0.000000| 0.000000|
2|1|1|404|404| -1.0600980809641083| 0.000000| 0.000000|
1|1|1|405|405| -1.0702804617951074| 0.000000| 0.000000|
2|1|1|405|405| -1.0679642434484542| 0.000000| 0.000000|
1|1|1|406|406| -1.0829335264777011| 0.000000| 0.000000|
2|1|1|406|406| -1.1006288092252898| 0.000000| 0.000000|
1|1|1|407|407| -1.082933004741415| 0.000000| 0.000000|
2|1|1|407|407| -1.1006284288511878| 0.000000| 0.000000|
1|1|1|408|408| -1.0570763400687007| 0.000000| 0.000000|
2|1|1|408|408| -1.1718739942227892| 0.000000| 0.000000|
1|1|1|409|409| -1.1825570810622974| 0.000000| 0.000000|
2|1|1|409|409| -1.1398349074245964| 0.000000| 0.000000|
1|1|1|410|410| -1.1651454651253097| 0.000000| 0.000000|
2|1|1|410|410| -1.1398344621637566| 0.000000| 0.000000|
1|1|1|411|411| -1.165145245901492| 0.000000| 0.000000|
2|1|1|411|411| -1.0496919833772704| 0.000000| 0.000000|
1|1|1|412|412| -1.202597734788453| 0.000000| 0.000000|
2|1|1|412|412| -1.193700241626935| 0.000000| 0.000000|
1|1|1|413|413| -1.2025976005226529| 0.000000| 0.000000|
2|1|1|413|413| -1.1937002766890128| 0.000000| 0.000000|
1|1|1|414|414| -1.0610879685328936| 0.000000| 0.000000|
2|1|1|414|414| -1.059547791160906| 0.000000| 0.000000|
1|1|1|415|415| -1.0602581861923301| 0.000000| 0.000000|
2|1|1|415|415| -1.0396470786297982| 0.000000| 0.000000|
1|1|1|416|416| -1.060259931265204| 0.000000| 0.000000|
2|1|1|416|416| -1.03964736021649| 0.000000| 0.000000|
1|1|1|417|417| -1.0359163463796293| 0.000000| 0.000000|
2|1|1|417|417| -1.0343263408216412| 0.000000| 0.000000|
1|1|1|418|418| -1.0359160208661216| 0.000000| 0.000000|
2|1|1|418|418| -1.0343261070975132| 0.000000| 0.000000|
1|1|1|419|419| -1.0359241008138227| 0.000000| 0.000000|
2|1|1|419|419| -1.0350839968683712| 0.000000| 0.000000|
1|1|1|420|420| -1.0355588496270727| 0.000000| 0.000000|
2|1|1|420|420| -1.032964606606292| 0.000000| 0.000000|
1|1|1|421|421| -1.0353538197710908| 0.000000| 0.000000|
2|1|1|421|421| -1.033080075418793| 0.000000| 0.000000|
1|1|1|422|422| -1.035353985168479| 0.000000| 0.000000|
2|1|1|422|422| -1.0330802775546033| 0.000000| 0.000000|
1|1|1|423|423| -1.032764822282168| 0.000000| 0.000000|
2|1|1|423|423| -1.0286374762761312| 0.000000| 0.000000|
1|1|1|424|424| -0.8967049265310756| 0.000000| 0.000000|
2|1|1|424|424| -1.0165544340366512| 0.000000| 0.000000|
1|1|1|425|425| -1.028625795406688| 0.000000| 0.000000|
2|1|1|425|425| -1.016555532508809| 0.000000| 0.000000|
1|1|1|426|426| -1.028626815398919| 0.000000| 0.000000|
2|1|1|426|426| -1.0209156809179856| 0.000000| 0.000000|
1|1|1|427|427| -0.9657312009356449| 0.000000| 0.000000|
2|1|1|427|427| -0.9162864172781653| 0.000000| 0.000000|
1|1|1|428|428| -0.9322011704814184| 0.000000| 0.000000|
2|1|1|428|428| -0.9356988244370115| 0.000000| 0.000000|
1|1|1|429|429| -0.9322012306083707| 0.000000| 0.000000|
2|1|1|429|429| -0.935698529483707| 0.000000| 0.000000|
1|1|1|430|430| -0.7069309516438569| 0.000000| 0.000000|
2|1|1|430|430| -0.7558433048630455| 0.000000| 0.000000|
1|1|1|431|431| -0.633839054254624| 0.000000| 0.000000|
2|1|1|431|431| 0.30989680352653437| 0.000000| 0.000000|
1|1|1|432|432| -0.6338386972639416| 0.000000| 0.000000|
2|1|1|432|432| 0.3098951402576837| 0.000000| 0.000000|
1|1|1|433|433| 0.6663205957726781| 0.000000| 0.000000|
2|1|1|433|433| 0.6669715328108161| 0.000000| 0.000000|
1|1|1|434|434| 0.6663204546462822| 0.000000| 0.000000|
2|1|1|434|434| 0.6669714236694873| 0.000000| 0.000000|
1|1|1|435|435| 0.6694649459298567| 0.000000| 0.000000|
2|1|1|435|435| 0.6675355672141556| 0.000000| 0.000000|
1|1|1|436|436| 0.6688728916178768| 0.000000| 0.000000|
2|1|1|436|436| 0.6669228458667575| 0.000000| 0.000000|
1|1|1|437|437| 0.6688728844543412| 0.000000| 0.000000|
2|1|1|437|437| 0.6669228616139051| 0.000000| 0.000000|
1|1|1|438|438| 0.6667031386094031| 0.000000| 0.000000|
2|1|1|438|438| 0.6650532395406259| 0.000000| 0.000000|
1|1|1|439|439| 0.6334034510437654| 0.000000| 0.000000|
2|1|1|439|439| 0.6333065338415906| 0.000000| 0.000000|
1|1|1|440|440| 0.632155055544569| 0.000000| 0.000000|
2|1|1|440|440| 0.6301181006834078| 0.000000| 0.000000|
1|1|1|441|441| 0.6321552604806975| 0.000000| 0.000000|
2|1|1|441|441| 0.630118488984607| 0.000000| 0.000000|
1|1|1|442|442| 0.6222651386570277| 0.000000| 0.000000|
2|1|1|442|442| 0.6259463837403274| 0.000000| 0.000000|
1|1|1|443|443| 0.6222659940730324| 0.000000| 0.000000|
2|1|1|443|443| 0.6259470820320843| 0.000000| 0.000000|
1|1|1|444|444| 0.6891675219431477| 0.000000| 0.000000|
2|1|1|444|444| 0.700107319580237| 0.000000| 0.000000|
1|1|1|445|445| 0.8562780356912398| 0.000000| 0.000000|
2|1|1|445|445| 0.8568824228149126| 0.000000| 0.000000|
1|1|1|446|446| 0.8562786387388321| 0.000000| 0.000000|
2|1|1|446|446| 0.8568830518327424| 0.000000| 0.000000|
1|1|1|447|447| 0.7987030623138729| 0.000000| 0.000000|
2|1|1|447|447| 0.8083422571680963| 0.000000| 0.000000|
1|1|1|448|448| 0.8576410346168188| 0.000000| 0.000000|
2|1|1|448|448| 0.8609490258613306| 0.000000| 0.000000|
1|1|1|449|449| 0.8576418299827004| 0.000000| 0.000000|
2|1|1|449|449| 0.860949499327063| 0.000000| 0.000000|
1|1|1|450|450| 0.8460476942535067| 0.000000| 0.000000|
2|1|1|450|450| 0.8324472868484172| 0.000000| 0.000000|
1|1|1|451|451| 1.0348597028519215| 0.000000| 0.000000|
2|1|1|451|451| 1.03627346891993| 0.000000| 0.000000|
1|1|1|452|452| 1.0348591740220954| 0.000000| 0.000000|
2|1|1|452|452| 1.0362734981827408| 0.000000| 0.000000|
1|1|1|453|453| 1.0341000893018162| 0.000000| 0.000000|
2|1|1|453|453| 1.0349751209945026| 0.000000| 0.000000|
1|1|1|454|454| 0.756607570546258| 0.000000| 0.000000|
2|1|1|454|454| 0.7572171328646213| 0.000000| 0.000000|
1|1|1|455|455| 0.7535429311600907| 0.000000| 0.000000|
2|1|1|455|455| 0.7541275005729879| 0.000000| 0.000000|
1|1|1|456|456| 0.7535436258199191| 0.000000| 0.000000|
2|1|1|456|456| 0.7541281555653647| 0.000000| 0.000000|
1|1|1|457|457| 0.7517619614596036| 0.000000| 0.000000|
2|1|1|457|457| 0.7523864434769827| 0.000000| 0.000000|
1|1|1|458|458| 0.7549564077597388| 0.000000| 0.000000|
2|1|1|458|458| 0.757078498443768| 0.000000| 0.000000|
1|1|1|459|459| 0.7549568775518374| 0.000000| 0.000000|
2|1|1|459|459| 0.7570783054359822| 0.000000| 0.000000|
1|1|1|460|460| 0.757818457961779| 0.000000| 0.000000|
2|1|1|460|460| 0.758078445191682| 0.000000| 0.000000|
1|1|1|461|461| 0.7578171883635747| 0.000000| 0.000000|
2|1|1|461|461| 0.7580773627162394| 0.000000| 0.000000|
1|1|1|462|462| 0.7574406800654216| 0.000000| 0.000000|
2|1|1|462|462| 0.7585508861388703| 0.000000| 0.000000|
1|1|1|463|463| 0.7602526729580745| 0.000000| 0.000000|
2|1|1|463|463| 0.7605293955621732| 0.000000| 0.000000|
1|1|1|464|464| 0.7602523283357066| 0.000000| 0.000000|
2|1|1|464|464| 0.7605295151915925| 0.000000| 0.000000|
%
